0.07
0.12
0.11
0.12
0.06
0.06
0.07
0.06
0.05
0.04
0.04
0.08
0.07
0.07
0.17
0.06
0.17
0.17
0.16
0.14
0.2
0.16
0.05
0.17
0.16
0.15
0.15
0.18
0.19
0.16
0.18
0.12
0.03
0.11
0.03
0.02
0.03
0.01
0.04
0.03
0.02
0.03
0.02
0.06
0.09
0.1
0.1
0.1
0.1
0.11
0.13
0.12
0.13
0.22
0.17
0.14
0.15
0.16
0.23
0.2
0.15
0.12
0.16
0.14
0.16
0.11
0.07
0.05
0.1
0.08
0.12
0.14
0.13
0.12
0.13
0.18
0.15
0.17
0.13
0.13
0.08
0.07
0.08
0.06
0.09
0.06
0.05
0.06
0.08
0.07
0.07
0.06
0.04
0.06
0.07
0.07
0.11
0.11
0.2
0.2
0.22
0.19
0.19
0.2
0.21
0.26
0.29
0.32
0.41
0.41
0.44
0.39
0.39
0.44
0.45
0.43
0.43
0.44
0.42
0.41
0.44
0.36
0.39
0.39
0.44
0.44
0.43
0.46
0.42
0.43
0.43
0.48
0.45
0.45
0.43
0.47
0.47
0.42
0.45
0.39
0.44
0.4
0.44
0.44
0.43
0.4
0.43
0.44
0.44
0.44
0.41
0.43
0.4
0.41
0.37
0.43
0.41
0.4
0.43
0.44
0.46
0.49
0.44
0.43
0.47
0.46
0.48
0.46
0.48
0.47
0.47
0.46
0.47
0.47
0.45
0.48
0.46
0.47
0.49
0.5
0.52
0.41
0.43
0.5
0.5
0.48
0.47
0.49
0.48
0.49
0.45
0.45
0.48
0.47
0.46
0.44
0.45
0.44
0.46
0.46
0.5
0.48
0.46
0.47
0.46
0.46
0.45
0.43
0.4
0.46
0.43
0.44
0.44
0.44
0.42
0.43
0.45
0.48
0.5
0.48
0.47
0.44
0.47
0.49
0.48
0.48
0.48
0.49
0.44
0.5
0.49
0.48
0.51
0.5
0.52
0.5
0.49
0.5
0.48
0.5
0.52
0.5
0.51
0.48
0.47
0.48
0.51
0.5
0.51
0.51
0.51
0.51
0.48
0.46
0.46
0.47
0.49
0.49
0.48
0.46
0.5
0.46
0.48
0.46
0.49
0.52
0.51
0.5
0.46
0.5
0.47
0.46
0.48
0.45
0.47
0.46
0.47
0.46
0.45
0.47
0.49
0.48
0.5
0.44
0.48
0.48
0.5
0.49
0.5
0.42
0.48
0.48
0.45
0.46
0.51
0.51
0.43
0.43
0.49
0.49
0.46
0.42
0.47
0.49
0.47
0.51
0.5
0.49
0.45
0.5
0.47
0.47
0.47
0.5
0.45
0.5
0.44
0.45
0.44
0.42
0.46
0.44
0.48
0.46
0.49
0.46
0.46
0.48
0.51
0.46
0.48
0.49
0.51
0.44
0.5
0.47
0.44
0.5
0.46
0.49
0.46
0.48
0.52
0.49
0.46
0.49
0.52
0.53
0.43
0.44
0.49
0.51
0.5
0.49
0.47
0.48
0.48
0.44
0.47
0.42
0.43
0.46
0.45
0.43
0.42
0.45
0.45
0.45
0.48
0.46
0.47
0.47
0.48
0.48
0.44
0.46
0.47
0.47
0.46
0.46
0.48
0.45
0.44
0.45
0.45
0.41
0.46
0.42
0.43
0.41
0.4
0.45
0.46
0.45
0.47
0.49
0.48
0.47
0.47
0.47
0.44
0.46
0.42
0.4
0.4
0.44
0.44
0.46
0.44
0.48
0.46
0.47
0.51
0.48
0.51
0.49
0.49
0.49
0.49
0.49
0.47
0.47
0.49
0.51
0.49
0.49
0.49
0.47
0.49
0.48
0.5
0.51
0.5
0.46
0.5
0.49
0.5
0.51
0.47
0.48
0.5
0.52
0.5
0.5
0.5
0.49
0.49
0.51
0.49
0.5
0.52
0.51
0.54
0.51
0.53
0.52
0.52
0.51
0.55
0.55
0.52
0.53
0.52
0.52
0.52
0.52
0.49
0.51
0.49
0.52
0.52
0.51
0.49
0.49
0.49
0.48
0.48
0.49
0.49
0.48
0.44
0.53
0.54
0.55
0.52
0.53
0.53
0.52
0.54
0.56
0.56
0.55
0.57
0.52
0.52
0.55
0.52
0.52
0.54
0.54
0.54
0.51
0.52
0.51
0.52
0.54
0.56
0.55
0.56
0.56
0.58
0.56
0.59
0.54
0.57
0.61
0.59
0.59
0.58
0.59
0.58
0.55
0.56
0.55
0.57
0.53
0.55
0.53
0.51
0.57
0.56
0.54
0.52
0.57
0.54
0.53
0.56
0.56
0.54
0.54
0.57
0.59
0.58
0.57
0.56
0.58
0.59
0.54
0.57
0.55
0.57
0.59
0.6
0.6
0.56
0.58
0.54
0.56
0.57
0.57
0.56
0.55
0.57
0.55
0.6
0.57
0.59
0.59
0.57
0.57
0.57
0.57
0.56
0.57
0.56
0.58
0.58
0.6
0.58
0.58
0.59
0.6
0.59
0.62
0.6
0.58
0.61
0.62
0.63
0.64
0.62
0.59
0.6
0.61
0.6
0.62
0.61
0.58
0.62
0.61
0.63
0.61
0.62
0.64
0.63
0.63
0.64
0.63
0.63
0.65
0.63
0.62
0.63
0.65
0.66
0.65
0.64
0.64
0.65
0.66
0.67
0.66
0.65
0.64
0.63
0.65
0.61
0.64
0.64
0.62
0.67
0.63
0.62
0.63
0.64
0.63
0.62
0.62
0.68
0.66
0.65
0.63
0.64
0.63
0.61
0.65
0.63
0.62
0.63
0.65
0.67
0.65
0.68
0.67
0.64
0.68
0.67
0.67
0.64
0.69
0.69
0.69
0.68
0.67
0.68
0.68
0.65
0.63
0.7
0.64
0.65
0.68
0.65
0.64
0.65
0.68
0.67
0.65
0.7
0.66
0.64
0.64
0.64
0.66
0.67
0.67
0.66
0.64
0.64
0.63
0.65
0.65
0.65
0.63
0.64
0.62
0.65
0.63
0.61
0.63
0.61
0.61
0.59
0.64
0.62
0.62
0.59
0.57
0.61
0.59
0.62
0.61
0.62
0.62
0.6
0.58
0.62
0.6
0.57
0.58
0.6
0.63
0.67
0.66
0.62
0.66
0.63
0.61
0.63
0.62
0.59
0.65
0.6
0.63
0.63
0.61
0.63
0.64
0.64
0.62
0.66
0.65
0.66
0.67
0.64
0.66
0.66
0.64
0.63
0.65
0.64
0.66
0.67
0.61
0.66
0.65
0.64
0.66
0.63
0.64
0.62
0.68
0.66
0.64
0.63
0.64
0.68
0.66
0.65
0.64
0.63
0.63
0.62
0.64
0.65
0.65
0.64
0.63
0.64
0.65
0.64
0.63
0.62
0.63
0.58
0.62
0.65
0.63
0.65
0.63
0.63
0.62
0.65
0.66
0.64
0.63
0.62
0.66
0.67
0.64
