0.12
0.109
0.1044
0.1116
0.1172
0.1126
0.1138
0.1128
0.119
0.119
0.1112
0.1134
0.111
0.1162
0.106
0.1114
0.113
0.1112
0.122
0.109
0.1182
0.1244
0.133
0.1668
0.2028
0.2242
0.2232
0.2306
0.244
0.2508
0.2504
0.2638
0.2952
0.2918
0.3138
0.3256
0.3138
0.327
0.3344
0.3422
0.3502
0.3348
0.362
0.359
0.3486
0.3584
0.3568
0.3732
0.3798
0.3756
0.3702
0.3756
0.3872
0.3974
0.4122
0.4054
0.416
0.4164
0.4242
0.4326
0.4112
0.4258
0.4458
0.443
0.4496
0.4558
0.4402
0.459
0.4622
0.466
0.466
0.4674
0.4672
0.4882
0.4684
0.4862
0.4854
0.4828
0.485
0.4844
0.482
0.4876
0.4918
0.4884
0.4972
0.5112
0.5038
0.5092
0.5114
0.5108
0.5002
0.5128
0.5078
0.5028
0.5058
0.5218
0.5176
0.534
0.5328
0.52
0.5328
0.5196
0.5186
0.5196
0.5368
0.5364
0.5132
0.513
0.5224
0.546
0.529
0.5476
0.5382
0.5468
0.5322
0.5568
0.534
0.5576
0.52
0.5404
0.5386
0.5442
0.5664
0.5508
0.5544
0.5582
0.548
0.551
0.5582
0.5384
0.517
0.5336
0.5418
0.5424
0.5406
0.56
0.5586
0.5698
0.5636
0.5606
0.5724
0.557
0.5644
0.5584
0.5538
0.5464
0.568
0.5634
0.562
0.5574
0.5716
0.5684
0.5756
0.5746
0.5688
0.5718
0.5616
0.5708
0.573
0.5804
0.5966
0.5734
0.5866
0.5712
0.5802
0.5682
0.576
0.577
0.5944
0.5858
0.5872
0.5834
0.6032
0.6024
0.6008
0.592
0.588
0.609
0.6006
0.5982
0.6168
0.6044
0.5946
0.5794
0.5968
0.5892
0.5894
0.609
0.5828
0.5946
0.6106
0.635
0.622
0.6096
0.6112
0.6134
0.6226
0.6268
0.6224
0.6298
0.6436
0.627
0.6272
0.625
0.6358
0.6294
0.6032
0.6188
0.6312
0.6402
0.6368
0.613
0.6178
0.6242
0.6178
0.638
0.6258
0.6374
0.6308
0.6246
0.646
0.6312
0.6322
0.6464
0.6472
0.6282
0.632
0.6502
0.6434
0.6142
0.6454
0.6418
0.6612
0.6614
0.6668
0.6508
0.6752
0.6678
0.6634
0.6664
0.6662
0.676
0.6862
0.6848
0.7092
0.693
0.7042
0.7024
0.6904
0.706
0.6778
0.6586
0.6774
0.684
0.696
0.6884
0.6782
0.7058
0.6946
0.7006
0.7046
0.7122
0.7264
0.7218
0.733
0.7338
0.7254
0.7316
0.7286
0.7346
0.725
0.7126
0.7406
0.7236
0.7232
0.7322
0.7374
0.748
0.7348
0.724
0.7478
0.7252
0.7112
0.7162
0.7126
0.7042
0.729
0.7274
0.7462
0.7424
0.7398
0.7456
0.7362
0.7196
0.7256
0.7298
0.7234
0.7286
0.7512
0.7566
0.746
0.7592
0.742
0.7556
0.7424
0.7596
0.7566
0.7602
0.755
0.7594
0.7648
0.7566
0.7776
0.756
0.7606
0.756
0.7602
0.7574
0.7516
0.7544
0.7538
0.762
0.7598
0.7606
0.7582
0.7482
0.7576
0.7724
0.7682
0.775
0.7686
0.7652
0.7696
0.7478
0.7518
0.7718
0.7714
0.772
0.7732
0.7804
0.7744
0.7998
0.7872
0.783
0.7758
0.784
0.7896
0.7864
0.7946
0.7914
0.7942
0.8002
0.793
0.7852
0.8028
0.8002
0.8014
0.7986
0.7814
0.7862
0.8054
0.7912
0.7866
0.7974
0.7882
0.8026
0.7764
0.7922
0.799
0.802
0.7966
0.7902
0.7852
0.7978
0.8
0.799
0.7836
0.8106
0.8116
0.8086
0.8162
0.8162
0.821
0.8026
0.8054
0.806
0.8168
0.8104
0.8078
0.8004
0.8092
0.8048
0.8144
0.8054
0.8094
0.7992
0.8264
0.8202
0.812
0.8134
0.81
0.819
0.823
0.8244
0.8092
0.8016
0.7972
0.793
0.8026
0.8186
0.8154
0.8172
0.8292
0.8
0.8202
0.8168
0.8156
0.813
0.8222
0.8388
0.8138
0.8292
0.8238
0.8292
0.8286
0.8356
0.8334
0.8384
0.8318
0.8358
0.8288
0.8282
0.8272
0.8194
0.8384
0.8282
0.8464
0.84
0.8348
0.8284
0.8304
0.8366
0.8318
0.8416
0.8244
0.8328
0.8318
0.8402
0.8438
0.842
0.833
0.828
0.8474
0.8478
0.8376
0.8264
0.8266
0.8272
0.8452
0.8328
0.8452
0.8496
0.8362
0.8204
0.8416
0.8462
0.8456
0.8436
0.8366
0.841
0.8354
0.8328
0.8164
0.8418
0.8408
0.8298
0.8366
0.8264
0.8326
0.8388
0.8428
0.829
0.8324
0.831
0.843
0.8376
0.8506
0.8396
0.8432
0.8326
0.8426
0.842
0.8332
0.8462
0.8468
0.8364
0.84
0.8398
0.8474
0.8434
0.8474
0.846
0.8544
0.8656
0.8464
0.8552
0.85
0.8512
0.8542
0.8506
0.8442
0.8456
0.8408
0.8364
0.8526
0.8484
0.8398
0.8526
0.8556
0.85
0.8534
0.8398
0.8428
0.8468
0.8416
0.8544
0.8558
0.8512
0.8578
0.856
0.8612
0.8532
0.8582
0.8604
0.839
0.8298
0.8484
0.8534
0.8588
0.8586
0.8474
0.8596
0.8546
0.862
0.8474
0.8604
0.8636
0.864
0.8596
0.8578
0.8564
0.8376
0.8356
0.8438
0.8482
0.8536
0.8534
0.857
0.848
0.8564
0.8514
0.8412
0.8522
0.854
0.8482
0.8538
0.8678
0.8464
0.8618
0.8568
0.8702
0.868
0.8712
0.8612
0.8678
0.861
0.8598
0.8458
0.855
0.857
0.8546
0.8514
0.8536
0.8588
0.8408
0.845
0.852
0.8468
0.848
0.8546
0.8484
0.8606
0.8534
0.8578
0.8596
0.858
0.8522
0.8548
0.8542
0.8482
