0.15
0.117
0.1116
0.1
0.1074
0.1142
0.1126
0.1058
0.1054
0.1038
0.1088
0.118
0.1082
0.1112
0.1104
0.1104
0.1094
0.1096
0.1128
0.1136
0.1098
0.107
0.1118
0.109
0.1132
0.11
0.1012
0.1104
0.1142
0.1194
0.1146
0.1062
0.1092
0.1122
0.1114
0.1156
0.107
0.1182
0.1136
0.1188
0.112
0.1048
0.1084
0.1056
0.1158
0.1136
0.107
0.1182
0.1072
0.1078
0.1676
0.1902
0.2068
0.2316
0.2464
0.2796
0.3254
0.3466
0.3724
0.3908
0.4
0.3802
0.4082
0.4174
0.3976
0.4016
0.4018
0.3904
0.4092
0.4046
0.4138
0.4094
0.4068
0.4158
0.4116
0.4108
0.4146
0.4266
0.4306
0.4456
0.4262
0.4386
0.4528
0.4558
0.451
0.4398
0.4546
0.4522
0.472
0.4668
0.4758
0.4766
0.4712
0.4694
0.4848
0.4682
0.4838
0.4816
0.4786
0.469
0.4782
0.4744
0.4934
0.472
0.4786
0.477
0.4912
0.4844
0.487
0.4994
0.466
0.482
0.4788
0.4812
0.4852
0.478
0.4938
0.4638
0.4776
0.4866
0.4854
0.4894
0.491
0.4956
0.4794
0.4988
0.4916
0.4682
0.4866
0.4844
0.5008
0.4908
0.4922
0.4946
0.4972
0.493
0.4896
0.4942
0.4874
0.4794
0.4934
0.4876
0.4458
0.4736
0.475
0.5012
0.4898
0.4776
0.4778
0.4898
0.4914
0.487
0.4934
0.4996
0.4814
0.4924
0.4778
0.502
0.4762
0.4998
0.5044
0.5124
0.5006
0.4972
0.5074
0.4982
0.499
0.4906
0.4988
0.5002
0.4986
0.4894
0.506
0.503
0.4968
0.4952
0.49
0.5084
0.5004
0.4988
0.5032
0.4966
0.5066
0.498
0.5034
0.5164
0.5444
0.5236
0.531
0.547
0.5442
0.537
0.5332
0.538
0.5264
0.5274
0.5322
0.5328
0.5224
0.5344
0.5484
0.5448
0.5284
0.5426
0.5404
0.5336
0.5326
0.5348
0.5472
0.539
0.5576
0.5438
0.5438
0.5184
0.5386
0.5408
0.5272
0.5386
0.5414
0.5566
0.5542
0.5448
0.5294
0.5464
0.5564
0.5482
0.5368
0.562
0.5366
0.5514
0.5506
0.557
0.546
0.5542
0.544
0.5526
0.5468
0.5486
0.54
0.5538
0.535
0.5504
0.5386
0.5564
0.547
0.5552
0.5518
0.5386
0.5484
0.5462
0.554
0.555
0.5544
0.5684
0.5558
0.5488
0.5522
0.5592
0.5546
0.541
0.533
0.562
0.5314
0.5504
0.5438
0.5504
0.557
0.5654
0.5472
0.5534
0.558
0.561
0.5542
0.5508
0.5508
0.5542
0.5614
0.54
0.5556
0.5444
0.5514
0.5366
0.553
0.5604
0.5574
0.5474
0.5492
0.5324
0.5452
0.5482
0.541
0.5596
0.557
0.5402
0.5492
0.5682
0.562
0.5524
0.5518
0.5576
0.5496
0.5524
0.5596
0.5656
0.5582
0.5494
0.5536
0.5664
0.5518
0.558
0.5446
0.5574
0.5498
0.559
0.5416
0.5438
0.551
0.557
0.5394
0.5588
0.553
0.5664
0.5548
0.5492
0.5564
0.5692
0.5428
0.5488
0.5482
0.5488
0.552
0.551
0.5582
0.574
0.5456
0.5622
0.5444
0.5564
0.5554
0.5606
0.5676
0.5564
0.556
0.557
0.5614
0.5416
0.5464
0.5668
0.5544
0.5582
0.5542
0.549
0.5428
0.5544
0.5604
0.5654
0.5494
0.569
0.5528
0.567
0.5592
0.5716
0.5688
0.5458
0.5668
0.5676
0.5644
0.5586
0.563
0.5534
0.5612
0.5492
0.5472
0.5626
0.574
0.555
0.5572
0.557
0.5572
0.5584
0.565
0.5666
0.5568
0.5646
0.5554
0.5616
0.5584
0.5504
0.5592
0.5264
0.525
0.5188
0.5506
0.5532
0.543
0.5558
0.5642
0.5592
0.5572
0.5498
