0.15
0.117
0.1116
0.1
0.1074
0.1142
0.1126
0.1058
0.1054
0.1038
0.1088
0.118
0.1082
0.1112
0.1104
0.1104
0.1094
0.1096
0.1128
0.1136
0.1098
0.107
0.1118
0.109
0.1132
0.11
0.1012
0.1104
0.1142
0.1194
0.1146
0.1062
0.1092
0.1122
0.1114
0.1156
0.107
0.1182
0.1136
0.1188
0.112
0.1048
0.1084
0.1056
0.1158
0.1136
0.107
0.1182
0.1072
0.1078
0.1676
0.1902
0.2068
0.2316
0.2464
0.2796
0.3254
0.3466
0.3724
0.3908
0.4
0.3802
0.4082
0.4174
0.3976
0.4016
0.4018
0.3904
0.4092
0.4046
0.4138
0.4094
0.4068
0.4158
0.4116
0.4108
0.4146
0.4266
0.4306
0.4456
0.4262
0.4386
0.4528
0.4558
0.451
0.4398
0.4546
0.4522
0.472
0.4668
0.4758
0.4766
0.4712
0.4694
0.4848
0.4682
0.4838
0.4816
0.4786
0.469
0.4782
0.4744
0.4934
0.472
0.4786
0.477
0.4912
0.4844
0.487
0.4994
0.466
0.482
0.4788
0.4812
0.4852
0.478
0.4938
0.4638
0.4776
0.4866
0.4854
0.4894
0.491
0.4956
0.4794
0.4988
0.4916
0.4682
0.4866
0.4844
0.5008
0.4908
0.4922
0.4946
0.4972
0.493
0.4896
0.4942
0.4874
0.4794
0.4934
0.4876
0.4458
0.4736
0.475
0.5012
0.4898
0.4776
0.4778
0.4898
0.4914
0.487
0.4934
0.4996
0.4814
0.4924
0.4778
0.502
0.4762
0.4998
0.5044
0.5124
0.5006
0.4972
0.5074
0.4982
0.499
0.4906
0.4988
0.5002
0.4986
0.4894
0.506
0.503
0.4968
0.4952
0.49
0.5084
0.5004
0.4988
0.5032
0.4966
0.5066
0.498
0.5034
0.5164
0.5444
0.5236
0.531
0.547
0.5442
0.537
0.5332
0.538
0.5264
0.5274
0.5322
0.5328
0.5224
0.5344
0.5484
0.5448
0.5284
0.5426
0.5404
0.5336
0.5326
0.5348
0.5472
0.539
0.5576
0.5438
0.5438
0.5184
0.5386
0.5408
0.5272
0.5386
0.5414
0.5566
0.5542
0.5448
0.5294
0.5464
0.5564
0.5482
0.5368
0.562
0.5366
0.5514
0.5506
0.557
0.546
0.5542
0.544
0.5526
0.5468
0.5486
0.54
0.5538
0.535
0.5504
0.5386
0.5564
0.547
0.5552
0.5518
0.5386
0.5484
0.5462
0.554
0.555
0.5544
0.5684
0.5558
0.5488
0.5522
0.5592
0.5546
0.541
0.533
0.562
0.5314
0.5504
0.5438
0.5504
0.557
0.5654
0.5472
0.5534
0.558
0.561
0.5542
0.5508
0.5508
0.5542
0.5614
0.54
0.5556
0.5444
0.5514
0.5366
0.553
0.5604
0.5574
0.5474
0.5492
0.5324
0.5452
0.5482
0.541
0.5596
0.557
0.5402
0.5492
0.5682
0.562
0.5524
0.5518
0.5576
0.5496
0.5524
0.5596
0.5656
0.5582
0.5494
0.5536
0.5664
0.5518
0.558
0.5446
0.5574
0.5498
0.559
0.5416
0.5438
0.551
0.557
0.5394
0.5588
0.553
0.5664
0.5548
0.5492
0.5564
0.5692
0.5428
0.5488
0.5482
0.5488
0.552
0.551
0.5582
0.574
0.5456
0.5622
0.5444
0.5564
0.5554
0.5606
0.5676
0.5564
0.556
0.557
0.5614
0.5416
0.5464
0.5668
0.5544
0.5582
0.5542
0.549
0.5428
0.5544
0.5604
0.5654
0.5494
0.569
0.5528
0.567
0.5592
0.5716
0.5688
0.5458
0.5668
0.5676
0.5644
0.5586
0.563
0.5534
0.5612
0.5492
0.5472
0.5626
0.574
0.555
0.5572
0.557
0.5572
0.5584
0.565
0.5666
0.5568
0.5646
0.5554
0.5616
0.5584
0.5504
0.5592
0.5264
0.525
0.5188
0.5506
0.5532
0.543
0.5558
0.5642
0.5592
0.5572
0.5498
0.5494
0.5614
0.578
0.5588
0.5672
0.5622
0.5576
0.5596
0.5592
0.5702
0.5622
0.5446
0.5434
0.5646
0.561
0.5656
0.5908
0.6104
0.6128
0.6046
0.6096
0.6162
0.6176
0.6134
0.6054
0.5796
0.5938
0.5984
0.5956
0.6048
0.622
0.6274
0.6386
0.6534
0.6618
0.6636
0.651
0.6606
0.6588
0.6558
0.6444
0.6854
0.674
0.687
0.6652
0.6504
0.6624
0.6574
0.6698
0.6616
0.666
0.6786
0.6616
0.6726
0.6828
0.681
0.6754
0.681
0.6774
0.6706
0.6842
0.6788
0.6648
0.6544
0.6864
0.673
0.6824
0.6872
0.685
0.6836
0.675
0.6806
0.6926
0.6812
0.6858
0.6808
0.6772
0.6818
0.6838
0.6808
0.6896
0.6926
0.6828
0.661
0.6506
0.6658
0.671
0.6524
0.6714
0.682
0.677
0.6942
0.6846
0.698
0.6872
0.684
0.6808
0.6808
0.688
0.6824
0.6818
0.6876
0.684
0.6864
0.6944
0.6758
0.6982
0.6912
0.692
0.675
0.6894
0.6812
0.682
0.679
0.6902
0.6842
0.6748
0.7052
0.6932
0.6882
0.6868
0.6912
0.697
0.6862
0.6976
0.693
0.6834
0.7004
0.6932
0.6822
0.704
0.697
0.7084
0.6894
0.6736
0.6872
0.6862
0.69
0.7038
0.6984
0.6892
0.6946
0.6948
0.7006
0.6908
0.6876
0.7042
0.6886
0.6894
0.6902
0.6932
0.7134
0.6962
0.6978
0.7046
0.683
0.6972
0.6934
0.6946
0.6964
0.696
0.6998
0.7038
0.7034
0.699
0.6878
0.6878
0.6994
0.7012
0.7004
0.706
0.693
0.7038
0.712
0.7032
0.7044
0.6884
0.7068
0.703
0.6904
0.7014
0.704
0.6958
0.6966
0.68
0.7046
0.6938
0.696
0.6994
0.7016
0.6888
0.711
0.7244
0.6978
0.6912
0.6888
0.7102
0.7042
0.7076
0.6984
0.7082
0.7084
0.6856
0.6838
0.7006
0.6904
0.7036
0.7008
0.6772
0.7056
0.6974
0.7024
0.7082
0.704
0.7018
0.705
0.6904
0.6846
0.7044
0.6936
0.689
0.7004
0.7104
0.7102
0.6884
0.6998
0.7056
0.7116
0.7152
0.7072
0.6922
0.7184
0.7088
0.6912
0.6974
0.681
0.7008
0.6852
0.7058
0.703
0.6958
0.7092
0.6926
0.6592
0.6654
0.6864
0.7004
0.713
0.6752
0.6636
0.6788
0.6944
0.6992
0.7112
0.7078
0.694
0.7006
0.6974
0.7114
0.7
0.7058
0.7138
0.7014
0.7048
0.6956
0.7046
0.7026
0.7144
0.7092
0.7096
0.7092
0.7082
0.7086
0.709
0.6996
0.6918
0.6962
0.6932
0.6904
0.7194
0.714
0.7048
0.7176
0.7216
0.7184
0.697
0.6964
0.6986
0.7104
0.7112
0.7018
0.6928
0.709
0.7092
0.68
0.7052
0.7082
0.712
0.6922
0.703
0.703
0.7102
0.6962
0.6998
0.7014
0.703
0.7062
0.6966
0.6858
0.6944
0.7066
0.7154
0.7092
0.7112
0.72
0.7224
0.7156
0.708
0.693
0.7056
0.7022
0.7106
0.715
0.7098
0.7042
0.698
0.7144
0.708
0.7132
0.7134
0.696
0.7122
0.7168
0.7188
0.7116
0.7096
0.7054
0.7172
0.698
0.6956
0.702
0.7156
0.7078
0.7076
0.7104
0.712
0.723
0.72
0.7272
0.7148
0.7112
0.6994
0.7166
0.7192
0.705
0.714
0.6962
0.7162
0.7252
0.7036
0.7068
0.7152
0.707
0.711
0.7086
0.7188
0.7
0.7096
0.7142
0.722
0.715
0.726
0.7118
0.7196
0.7188
0.7224
0.72
0.7078
0.7072
0.6878
0.7096
0.716
0.7204
0.6996
0.7072
0.708
0.7204
0.7166
0.7098
0.717
0.7298
0.728
0.7226
0.7152
0.7146
0.7172
0.723
0.73
0.7246
0.7192
