0.17
0.1134
0.1146
0.122
0.1124
0.1152
0.104
0.111
0.1104
0.109
0.1078
0.1136
0.1074
0.1088
0.1046
0.1082
0.1056
0.109
0.1132
0.1162
0.1206
0.1354
0.1538
0.1958
0.2264
0.2312
0.2228
0.2294
0.2236
0.2312
0.2392
0.2344
0.2542
0.2882
0.31
0.314
0.3462
0.3374
0.35
0.3746
0.3804
0.3872
0.4036
0.4014
0.4032
0.4098
0.4224
0.4276
0.445
0.4472
0.465
0.4746
0.47
0.4752
0.4842
0.493
0.4984
0.492
0.5206
0.5306
0.5292
0.523
0.5304
0.521
0.5424
0.5498
0.5374
0.542
0.555
0.5582
0.5688
0.5622
0.5676
0.5764
0.5836
0.5882
0.5924
0.5814
0.5904
0.5936
0.5894
0.5952
0.598
0.597
0.6
0.61
0.625
0.6212
0.6214
0.6346
0.6366
0.6382
0.6426
0.6468
0.634
0.6368
0.6696
0.6834
0.6788
0.6824
0.6748
0.682
0.6934
0.6808
0.6494
0.6778
0.6852
0.6994
0.6836
0.6962
0.6858
0.7142
0.7028
0.709
0.6924
0.7096
0.703
0.7206
0.7102
0.7156
0.7202
0.7138
0.7106
0.713
0.708
0.7184
0.718
0.7182
0.7288
0.7112
0.7148
0.7172
0.73
0.709
0.7206
0.7334
0.7394
0.718
0.7472
0.7448
0.7496
0.7554
0.7446
0.741
0.758
0.7574
0.7648
0.7544
0.755
0.7572
0.7744
0.7658
0.7656
0.7596
0.7348
0.7558
0.7598
0.7686
0.7784
0.7916
0.7866
0.7836
0.7838
0.764
0.7594
0.7314
0.7518
0.7766
0.7736
0.7778
0.7744
0.774
0.787
0.7784
0.7792
0.7812
0.7664
0.773
0.7512
0.7748
0.7594
0.7644
0.779
0.7764
0.79
0.7648
0.7574
0.7676
0.7704
0.7668
0.7892
0.7908
0.7808
0.7912
0.7912
0.7904
0.8082
0.7906
0.781
0.774
0.7766
0.7722
0.79
0.7748
0.784
0.7876
0.7826
0.8008
0.7908
0.7912
0.7868
0.8086
0.8032
0.8094
0.7868
0.8108
0.8102
0.8054
0.8042
0.7978
0.8078
0.8142
0.8166
0.8126
0.8106
0.7994
0.813
0.8138
0.822
0.8314
0.8108
0.7972
0.824
0.8128
0.8044
0.7956
0.779
0.8074
0.8002
0.812
0.8018
0.8172
0.8122
0.7926
0.8048
0.81
0.8014
0.8116
0.8228
0.8124
0.812
0.8292
0.8162
0.8238
0.8206
0.8176
0.813
0.8088
0.7996
0.8168
0.826
0.8294
0.8114
0.8246
0.8306
0.8286
0.8198
0.8004
0.8046
0.8066
0.8142
0.8148
0.8146
0.8182
0.8288
0.836
0.829
0.8214
0.8062
0.8148
0.8312
0.8356
0.8314
0.8306
0.8396
0.8406
0.834
0.8318
0.8264
0.8238
0.811
0.8136
0.8194
0.8222
0.8204
0.814
0.819
0.8164
0.841
0.8242
0.8132
0.8042
0.8156
0.8316
0.8268
0.834
0.8396
0.8406
0.8214
0.833
0.837
0.843
0.8364
0.8338
0.8294
0.8484
0.8434
0.8322
0.8272
0.8086
0.7822
0.7992
0.8058
0.8032
0.8174
0.8116
0.8182
0.8114
0.8228
0.8304
0.8376
0.852
0.844
0.8522
0.8448
0.846
0.835
0.8396
0.8476
0.8378
0.8494
0.8602
0.8532
0.8536
0.8548
0.8582
0.8534
0.8554
0.8698
0.8636
0.859
0.8668
0.8626
0.8668
0.8608
0.8438
0.834
0.8468
0.8544
0.841
0.8652
0.8594
0.8614
0.8614
0.8636
0.8568
0.862
0.866
0.8538
0.8588
0.8658
0.8732
0.8602
0.8728
0.866
0.8524
0.8734
0.8598
0.8604
0.857
0.8636
0.8692
0.8658
0.862
0.8846
0.8464
0.8562
0.8608
0.8638
0.8518
0.8594
0.8682
0.8718
0.861
0.8586
0.862
0.8702
0.8692
0.861
0.863
0.8566
0.8458
0.8582
0.8682
0.8694
0.854
0.851
0.8544
0.8612
0.868
0.869
0.8614
0.8702
0.8634
0.8728
0.864
0.8684
0.878
0.8828
0.8726
0.8728
0.8776
0.8734
0.8748
0.867
0.8742
0.878
0.8818
0.8766
0.8802
0.8762
0.8776
0.8718
0.8718
0.8812
0.8828
0.8826
0.8716
0.8822
0.8778
0.872
0.881
0.8804
0.8828
0.8814
0.883
0.882
0.869
0.8792
0.8698
0.8776
0.8846
0.8956
0.8926
0.8856
0.8822
0.8636
0.8848
0.8612
0.8812
0.8924
0.8952
0.878
0.8858
0.8886
0.8872
0.8772
0.8848
0.8894
0.8936
0.8962
0.886
0.8822
0.8932
0.8918
0.8962
0.8926
0.8782
0.8928
0.8938
0.8822
0.8844
0.884
0.8742
0.8818
0.892
0.8964
0.8948
0.899
0.8908
0.896
0.8878
0.8878
0.8888
0.9046
0.8932
0.89
0.894
0.9002
0.9096
0.9014
0.894
0.8748
0.8632
0.8788
0.8876
0.8908
0.8778
0.8964
0.9096
0.9048
0.8906
0.8888
0.8918
0.8978
0.9058
0.899
0.891
0.9012
0.8974
0.8998
0.8804
0.9038
0.899
0.9014
0.9024
0.896
0.9014
0.8936
0.9004
0.8982
0.902
0.8988
0.906
0.8942
0.8994
0.9048
0.8896
0.898
0.8966
0.9082
0.9118
0.8976
0.9048
0.9096
0.8996
0.8986
0.9128
0.9116
0.9156
0.9108
0.8886
0.8768
0.8928
0.9
0.894
0.9078
0.8962
0.8936
0.8966
0.903
0.8916
0.9016
0.888
0.8906
0.8916
0.8986
0.8922
0.9036
0.8986
0.9022
0.9098
0.9158
0.9144
0.9082
0.9024
0.9068
0.9034
0.904
0.9016
0.8954
0.9076
0.903
0.8986
0.8864
0.9086
0.9106
0.9106
0.9034
0.9014
0.9066
0.9156
0.9086
0.8946
0.8982
0.9026
0.8972
0.8972
0.9028
0.9102
0.9158
0.9026
0.9012
0.8908
0.8928
0.8908
0.9094
0.893
0.8996
0.91
0.9082
0.9126
0.905
0.9082
0.9004
0.912
0.9088
0.9114
0.9224
0.9122
0.9176
0.907
0.9158
0.9144
0.9164
0.9088
0.919
0.9248
0.9094
0.9108
0.9164
0.9174
0.9078
0.9052
0.9082
0.9142
0.9062
0.91
0.9064
0.9026
0.8938
0.9106
0.9088
0.9086
0.9074
0.9136
0.9098
0.9102
0.9056
0.9086
0.9184
0.8982
0.9138
0.9132
0.922
0.9166
0.9136
0.9196
0.9122
0.9142
0.9038
0.9006
0.9108
0.91
0.9028
0.9088
0.919
0.9146
0.902
0.9098
0.9216
0.912
0.918
0.9066
0.9088
0.919
0.917
0.922
0.9224
0.9256
0.925
0.9138
0.9176
0.9152
0.9086
0.9146
0.9054
0.9096
0.899
0.912
0.9112
0.9084
0.914
0.9206
0.9096
0.9258
0.9082
0.922
0.9302
0.9208
0.9232
0.9214
0.9166
0.9216
0.9268
0.9224
0.914
0.9244
0.9266
0.9218
0.9318
0.9286
0.9244
0.9286
0.9214
0.926
0.923
0.9248
0.9226
0.915
0.916
0.9312
0.9248
0.9218
0.9164
0.9216
0.9162
0.9204
0.9236
0.9276
0.9216
0.9232
0.9292
0.9198
0.9108
0.9238
0.934
0.9376
0.9222
0.9206
0.9296
0.93
0.9244
0.9336
0.927
0.9324
0.9338
0.9248
0.9258
0.9248
0.9232
0.9244
0.9184
0.9238
0.921
0.9208
0.926
0.919
0.9188
0.9252
0.9216
0.9214
0.9224
0.9242
0.9288
0.9222
0.9316
0.9236
0.9082
0.9238
0.9286
0.9238
0.9256
0.9268
0.925
0.926
0.916
0.931
0.924
0.9266
0.923
0.9244
0.931
0.9296
0.9312
0.9314
0.9346
0.939
0.9288
0.9292
0.9258
0.9214
0.9296
0.9252
0.924
0.9174
0.9334
0.925
0.9266
0.9276
