0.04
0.07
0.06
0.05
0.02
0.01
0.03
0.02
0.03
0.01
0.02
0.02
0.03
0.01
0.01
0.02
0.06
0.05
0.07
0.09
0.1
0.08
0.06
0.16
0.13
0.16
0.13
0.15
0.12
0.08
0.07
0.08
0.08
0.1
0.03
0.13
0.12
0.12
0.07
0.09
0.08
0.1
0.08
0.06
0.11
0.14
0.11
0.14
0.13
0.12
0.25
0.27
0.23
0.35
0.36
0.35
0.39
0.42
0.45
0.41
0.4
0.38
0.4
0.39
0.39
0.38
0.4
0.41
0.4
0.42
0.45
0.46
0.46
0.45
0.47
0.49
0.4
0.47
0.51
0.46
0.46
0.52
0.53
0.45
0.54
0.51
0.54
0.53
0.57
0.54
0.55
0.58
0.56
0.56
0.55
0.59
0.57
0.58
0.58
0.51
0.52
0.57
0.52
0.56
0.58
0.49
0.56
0.53
0.52
0.58
0.57
0.54
0.56
0.57
0.53
0.55
0.56
0.53
0.51
0.55
0.54
0.56
0.53
0.49
0.52
0.45
0.51
0.53
0.48
0.51
0.56
0.55
0.48
0.53
0.51
0.54
0.5
0.53
0.48
0.51
0.49
0.54
0.55
0.49
0.49
0.52
0.48
0.49
0.46
0.51
0.53
0.52
0.51
0.51
0.51
0.5
0.52
0.49
0.51
0.52
0.53
0.49
0.52
0.5
0.49
0.55
0.53
0.5
0.51
0.48
0.51
0.5
0.5
0.5
0.49
0.46
0.51
0.52
0.52
0.52
0.48
0.53
0.52
0.54
0.55
0.59
0.62
0.65
0.66
0.65
0.65
0.62
0.64
0.63
0.63
0.58
0.64
0.62
0.61
0.62
0.62
0.58
0.63
0.61
0.57
0.6
0.61
0.62
0.59
0.58
0.56
0.56
0.59
0.58
0.6
0.58
0.57
0.56
0.55
0.58
0.59
0.58
0.57
0.58
0.57
0.58
0.58
0.59
0.61
0.59
0.59
0.6
0.59
0.6
0.6
0.62
0.61
0.57
0.57
0.58
0.57
0.57
0.56
0.57
0.56
0.54
0.53
0.55
0.54
0.52
0.53
0.53
0.56
0.57
0.58
0.6
0.59
0.59
0.56
0.61
0.59
0.62
0.61
0.57
0.59
0.59
0.59
0.58
0.58
0.58
0.57
0.6
0.58
0.61
0.59
0.59
0.57
0.58
0.59
0.58
0.58
0.56
0.59
0.61
0.63
0.65
0.61
0.62
0.6
0.56
0.59
0.59
0.62
0.59
0.63
0.63
0.63
0.65
0.65
0.62
0.61
0.62
0.62
0.61
0.61
0.61
0.62
0.63
0.61
0.61
0.62
0.62
0.62
0.62
0.59
0.59
0.64
0.6
0.62
0.65
0.64
0.66
0.64
0.63
0.66
0.64
0.6
0.65
0.65
0.65
0.67
0.67
0.64
0.62
0.61
0.65
0.66
0.65
0.63
0.62
0.66
0.64
0.62
0.61
0.63
0.66
0.62
0.64
0.64
0.61
0.62
0.64
0.61
0.61
0.61
0.59
0.63
0.6
0.6
0.61
0.59
0.6
0.61
0.59
0.6
0.6
0.63
0.59
0.59
0.58
0.61
0.63
0.59
0.61
0.62
0.6
0.57
0.56
0.54
0.56
0.56
0.59
0.56
0.54
0.57
0.58
0.6
0.58
0.58
0.58
0.59
0.55
0.57
0.53
0.6
0.57
0.58
0.57
0.63
0.55
