0.13
0.1
0.09
0.16
0.2
0.17
0.17
0.17
0.16
0.14
0.15
0.15
0.14
0.15
0.16
0.15
0.16
0.16
0.15
0.13
0.18
0.17
0.17
0.21
0.22
0.22
0.22
0.21
0.21
0.24
0.28
0.22
0.23
0.24
0.25
0.24
0.27
0.31
0.33
0.31
0.32
0.31
0.36
0.38
0.34
0.4
0.42
0.42
0.42
0.43
0.42
0.4
0.41
0.45
0.47
0.5
0.54
0.56
0.52
0.52
0.52
0.46
0.45
0.47
0.49
0.52
0.55
0.56
0.52
0.51
0.58
0.54
0.56
0.57
0.55
0.58
0.56
0.62
0.56
0.62
0.58
0.6
0.59
0.58
0.54
0.58
0.62
0.61
0.64
0.6
0.58
0.62
0.63
0.62
0.63
0.63
0.64
0.6
0.65
0.67
0.62
0.62
0.6
0.63
0.59
0.6
0.56
0.57
0.62
0.64
0.64
0.62
0.57
0.59
0.65
0.63
0.63
0.66
0.64
0.63
0.64
0.64
0.63
0.58
0.66
0.63
0.68
0.63
0.62
0.62
0.68
0.62
0.63
0.62
0.6
0.63
0.61
0.62
0.64
0.63
0.64
0.62
0.64
0.65
0.65
0.66
0.62
0.65
0.64
0.6
0.66
0.64
0.64
0.65
0.66
0.65
0.63
0.67
0.63
0.65
0.65
0.66
0.66
0.67
0.64
0.7
0.71
0.68
0.69
0.68
0.68
0.6
0.63
0.61
0.64
0.63
0.64
0.68
0.64
0.66
0.59
0.64
0.58
0.63
0.64
0.65
0.63
0.62
0.6
0.63
0.64
0.65
0.57
0.63
0.61
0.63
0.61
0.62
0.61
0.62
0.6
0.6
0.6
0.59
0.6
0.63
0.61
0.61
0.62
0.65
0.6
0.56
0.62
0.59
0.6
0.62
0.6
0.61
0.59
0.57
0.61
0.6
0.58
0.63
0.63
0.6
0.6
0.63
0.61
0.63
0.57
0.62
0.6
0.6
0.62
0.64
0.63
0.62
0.63
0.63
0.65
0.64
0.64
0.7
0.7
0.67
0.68
0.63
0.66
0.65
0.67
0.64
0.7
0.7
0.66
0.72
0.63
0.71
0.74
0.69
0.72
0.68
0.67
0.7
0.68
0.66
0.63
0.67
0.72
0.7
0.68
0.68
0.68
0.66
0.61
0.69
0.69
0.65
0.68
0.62
0.66
0.67
0.61
0.63
0.62
0.63
0.59
0.64
0.62
0.63
0.68
0.64
0.61
0.65
0.64
0.62
0.61
0.59
0.6
0.6
0.71
0.67
0.68
0.64
0.68
0.65
0.64
0.62
0.6
0.64
0.61
0.62
0.62
0.63
0.63
0.64
0.64
0.61
0.64
0.66
0.64
0.58
0.67
0.62
0.63
0.64
0.62
0.64
0.61
0.67
0.69
0.65
0.64
0.67
0.6
0.6
0.61
0.61
0.63
0.68
0.64
0.65
0.61
0.62
0.62
0.61
0.62
0.62
0.65
0.64
0.64
0.65
0.62
0.66
0.63
0.63
0.65
0.63
0.66
0.66
0.64
0.65
0.67
0.68
0.67
0.63
0.62
0.64
0.62
0.61
0.58
0.63
0.62
0.64
0.66
0.63
0.59
0.64
0.65
0.61
0.65
0.63
0.6
0.62
0.63
0.61
0.61
0.61
0.57
0.61
0.62
0.62
0.59
0.63
0.64
0.64
0.64
0.66
0.66
0.64
0.65
0.65
0.67
0.67
0.63
0.68
0.67
0.66
0.64
0.64
0.66
0.61
0.65
0.63
0.64
0.62
0.66
0.62
0.63
0.64
0.62
0.62
0.63
0.67
0.67
0.67
0.66
0.65
0.66
0.66
0.63
0.61
0.68
0.64
0.65
0.63
0.68
0.64
0.63
0.67
0.68
0.7
0.67
0.66
0.7
0.62
0.64
0.65
0.7
0.67
0.69
0.62
0.64
0.67
0.63
0.71
0.68
0.66
0.7
0.68
0.67
0.67
0.68
0.71
0.68
0.68
0.64
0.64
0.65
0.63
0.66
0.66
0.65
0.62
0.64
0.66
0.63
0.66
0.62
0.65
0.63
0.68
0.64
0.65
0.64
0.68
0.66
0.65
0.63
0.67
0.65
0.64
0.68
0.7
0.59
0.65
0.71
0.7
0.66
0.69
0.72
0.69
0.7
0.69
0.71
0.69
0.7
0.66
0.67
0.66
0.64
0.64
0.67
0.7
0.7
0.68
0.67
0.71
0.66
0.7
0.7
0.68
0.66
0.71
0.69
0.68
0.69
0.69
0.68
0.72
0.7
0.69
0.7
0.66
0.64
0.67
0.7
0.7
0.69
0.71
0.66
0.69
0.73
0.71
0.7
0.74
0.72
0.72
0.68
0.7
0.7
0.7
0.75
0.71
0.73
0.7
0.71
0.68
0.71
0.74
0.68
0.71
0.7
0.68
0.65
0.68
0.68
0.65
0.67
0.68
0.67
0.68
0.73
0.68
0.68
0.64
0.68
0.69
0.71
0.7
0.69
0.69
0.66
0.67
0.64
0.65
0.67
0.66
0.69
0.68
0.68
0.68
0.7
0.71
0.74
0.69
0.68
0.66
0.66
0.69
