0.1
0.1098
0.1152
0.1064
0.119
0.1252
0.1014
0.1124
0.1162
0.1116
0.1138
0.1124
0.1108
0.1062
0.111
0.1082
0.1146
0.114
0.1088
0.1108
0.114
0.1126
0.1098
0.1098
0.1138
0.1106
0.1126
0.1026
0.1184
0.1114
0.1128
0.1094
0.1178
0.1046
0.1154
0.1108
0.1038
0.1192
0.1378
0.1486
0.1832
0.2138
0.2182
0.2172
0.225
0.22
0.2028
0.21
0.2306
0.234
0.2382
0.2638
0.2858
0.29
0.3176
0.3228
0.3148
0.3242
0.3272
0.3378
0.3374
0.3474
0.3444
0.3642
0.3706
0.3562
0.3844
0.3886
0.399
0.3862
0.4044
0.4106
0.4246
0.4102
0.4042
0.4046
0.4182
0.4198
0.4236
0.4422
0.4268
0.411
0.4418
0.4558
0.474
0.4838
0.4744
0.4782
0.4764
0.505
0.5126
0.514
0.512
0.5226
0.5416
0.5466
0.5258
0.5376
0.5576
0.5664
0.559
0.5624
0.5574
0.5714
0.5808
0.566
0.6008
0.5946
0.591
0.6034
0.6064
0.5834
0.6028
0.6318
0.617
0.6402
0.622
0.6474
0.6414
0.6232
0.6262
0.6476
0.632
0.6246
0.6268
0.626
0.6184
0.6378
0.6478
0.6314
0.6572
0.6494
0.6554
0.6604
0.6614
0.6592
0.6652
0.6596
0.6722
0.6712
0.682
0.6852
0.6732
0.698
0.7012
0.7038
0.688
0.7104
0.7192
0.7188
0.7102
0.7092
0.7078
0.7024
0.7128
0.7092
0.7256
0.7226
0.7114
0.6986
0.7414
0.7372
0.7334
0.7256
0.6564
0.6388
0.6874
0.7214
0.7272
0.7398
0.7342
0.7402
0.7396
0.7504
0.7456
0.753
0.749
0.749
0.7596
0.7582
0.7766
0.7368
0.746
0.7498
0.7564
0.7436
0.7594
0.7698
0.7672
0.7758
0.7622
0.7778
0.7742
0.782
0.7686
0.7604
0.7656
0.7686
0.7686
0.7988
0.7884
0.785
0.7964
0.7934
0.7778
0.7796
0.7806
0.7962
0.7854
0.7948
0.7874
0.7962
0.7928
0.795
0.7872
0.781
0.8
0.796
0.8024
0.7926
0.7992
0.8102
0.814
0.8144
0.796
0.7992
0.7952
0.7918
0.748
0.814
0.802
0.8064
0.796
0.8078
0.8042
0.797
0.8094
0.8182
0.801
0.7936
0.801
0.7922
0.8022
0.8036
0.7898
0.8118
0.8118
0.8186
0.8118
0.7916
0.8182
0.7978
0.8048
0.8114
0.8112
0.8174
0.8136
0.813
0.813
0.8258
0.8168
0.8292
0.8332
0.8268
0.8102
0.8048
0.8164
0.8156
0.7986
0.7996
0.82
0.818
0.815
0.8242
0.8098
0.8242
0.801
0.8256
0.7996
0.813
0.8302
0.8172
0.8178
0.8298
0.8286
0.8264
0.804
0.8186
0.829
0.8142
0.8244
0.8072
0.8206
0.8168
0.8292
0.7984
0.815
0.8128
0.8238
0.83
0.825
0.8368
0.8298
0.82
0.8312
0.814
0.8276
0.8196
0.8122
0.8204
0.8106
0.8146
0.8396
0.8236
0.824
0.8244
0.8384
0.8224
0.8314
0.8168
0.8262
0.8256
0.8542
0.8368
0.8462
0.8476
0.8618
0.8416
0.8528
0.852
0.8236
0.8488
0.857
0.8522
0.8462
0.849
0.8478
0.855
0.8406
0.8472
0.8554
0.848
0.855
0.8532
0.8572
0.856
0.862
0.8556
0.846
0.853
0.868
0.8576
0.854
0.8402
0.8348
0.865
0.855
0.8536
0.8656
0.867
0.8738
0.8528
0.8286
0.8538
0.8624
0.8688
0.8652
0.854
0.8816
0.8804
0.8808
0.8844
0.8762
0.881
0.8866
0.869
0.874
0.863
0.8546
0.8708
0.856
0.8664
0.8738
0.8758
0.8826
0.8762
0.885
0.8888
0.8914
0.8862
0.8866
0.88
0.8902
0.893
0.8936
0.897
0.8708
0.8848
0.8714
0.8834
0.893
0.896
0.8938
0.8704
0.8762
0.8836
0.8874
0.8848
0.8996
0.894
0.8888
0.883
0.8606
0.8638
0.8562
0.8688
0.8772
0.901
0.9012
0.8716
0.8778
0.889
0.883
0.8888
0.8952
0.903
0.9058
0.913
0.9018
0.8962
0.8978
0.9066
0.9066
0.9104
0.9016
0.9
0.9066
0.9088
0.8964
0.9044
0.8944
0.9002
0.9096
0.9128
0.8968
0.887
0.8882
0.883
0.8896
0.8842
0.8936
0.8982
0.8998
0.9052
0.9086
0.8894
0.8652
0.8868
0.8814
0.8848
0.8822
0.8926
0.9026
0.9034
0.907
0.9044
0.9138
0.9218
0.9092
0.9124
0.908
0.893
0.9162
0.9096
0.911
0.8964
0.918
0.8962
0.9118
0.9066
0.9084
0.911
0.9152
0.9094
0.9044
0.9002
0.9014
0.912
0.9118
0.9046
0.9066
0.9092
0.8938
0.8794
0.883
0.9044
0.9048
0.8936
0.903
0.9056
0.8988
0.922
0.9152
0.9088
0.914
0.9186
0.9002
0.8954
0.9176
0.9148
0.9142
0.9064
0.8962
0.9132
0.9242
0.918
0.9154
0.902
0.9028
0.8964
0.9084
0.9228
0.9186
0.9114
0.9068
0.921
0.9264
0.928
0.93
0.9148
0.9096
0.9026
0.9124
0.916
0.9188
0.917
0.9132
0.9244
0.934
0.9228
0.9318
0.9324
0.9316
0.9344
0.9358
0.9274
0.933
0.9338
0.918
0.9404
0.9364
0.9322
0.9234
0.9022
0.9222
0.9236
0.927
0.9238
0.927
0.9364
0.9188
0.9154
0.9344
0.9326
0.9328
0.9456
0.9342
0.9378
0.9368
0.935
0.9304
0.9264
0.9338
0.9362
0.941
0.9226
0.9326
0.9468
0.9334
0.9252
0.9108
0.9244
0.9352
0.9276
0.9026
0.937
0.9316
0.9318
0.937
0.9264
0.9366
0.9378
0.938
0.9392
0.9372
0.9448
0.9296
0.9312
0.9338
0.942
0.9332
0.9148
0.9276
0.94
0.935
0.9384
0.9266
0.9292
0.9446
0.9444
0.9344
0.9392
0.9324
0.929
0.9452
0.9428
0.9366
0.9314
0.9358
0.9392
0.9286
0.9342
0.9404
0.9508
0.9486
0.9436
0.9474
0.9548
0.9478
0.9428
0.9452
0.9454
0.9354
0.9542
0.9546
0.9462
0.948
0.9606
0.953
0.9512
0.9396
0.9512
0.9514
0.9458
0.9418
0.9518
0.9464
0.9462
0.947
0.9546
0.9456
0.945
0.9366
0.9488
0.9376
0.9208
0.9304
0.9328
0.9404
0.9496
0.9516
0.946
0.938
0.95
0.9502
0.949
0.9364
0.935
0.9468
0.956
0.9536
0.9454
0.9396
0.944
0.9512
0.9426
0.952
0.9494
0.9422
0.9432
0.9402
0.944
0.9476
0.9506
0.952
0.9502
0.9426
0.9542
0.9458
0.9506
0.938
0.9462
0.9554
0.9474
0.9526
0.9548
0.954
0.9502
0.9482
0.9444
0.9552
0.9574
0.9554
0.9466
0.9482
0.951
0.9552
0.9524
0.9564
0.9538
0.9298
0.9498
0.9462
0.943
0.9424
0.9488
0.9486
0.949
0.9476
0.9338
0.9234
0.9162
0.9258
0.9308
0.9412
0.9472
0.9504
0.9446
0.9434
0.941
0.9438
0.9496
0.9474
0.9492
0.9442
0.9454
0.9546
0.9426
0.9572
0.9442
0.9532
0.9534
0.9522
0.9472
0.9478
0.9488
0.9552
0.9466
0.9514
0.9504
0.931
0.9514
0.9576
0.94
0.9554
0.9542
0.9424
0.9484
0.9428
0.9384
0.9376
0.9336
0.9266
0.9452
0.949
0.9518
0.9386
0.9532
0.9472
0.9432
0.9536
0.9548
0.9572
0.9592
0.957
0.957
0.9446
0.9556
0.953
0.9464
0.9504
0.9502
0.9556
0.9492
0.946
0.9518
0.9578
0.9572
0.9428
0.9582
0.9546
0.9642
0.9664
0.9662
0.9578
0.964
0.9622
0.9488
0.9526
0.9404
